2019.12.14-15:46:12
[15.0, 15.75, 15.0, 15.0, 15.0, 15.5, 15.5, 15.25, 14.75, 15.25, 14.5, 14.75, 15.0, 15.25, 15.75, 16.0, 14.5, 15.0, 14.5, 14.25, 15.0, 15.25, 15.5, 15.25, 15.25, 14.0, 14.25, 14.75, 14.5, 15.0, 15.25, 15.25, 15.0, 15.0, 15.0, 14.5, 14.75, 14.75, 15.0, 15.5, 14.5, 14.5, 14.25, 14.5, 14.75, 14.5, 15.0, 15.25, 14.75, 14.5, 14.5, 14.5, 14.75, 14.5, 15.25, 14.25, 14.5, 14.5, 15.0, 13.75, 14.25, 14.25, 14.75, 14.75]
2019.12.14-15:50:32
[14.25, 14.25, 14.25, 14.0, 13.75, 14.0, 14.25, 14.75, 13.75, 14.25, 13.75, 13.5, 14.25, 14.5, 14.75, 14.5, 14.75, 14.0, 13.25, 13.5, 14.0, 14.0, 14.5, 14.25, 13.75, 13.75, 13.5, 13.5, 14.0, 13.75, 14.25, 14.25, 13.5, 13.75, 13.75, 13.75, 13.5, 14.25, 14.75, 14.25, 13.75, 13.0, 13.0, 13.5, 13.0, 13.5, 14.5, 14.0, 13.5, 13.25, 13.25, 13.0, 13.5, 13.75, 13.75, 13.25, 12.5, 13.25, 13.25, 13.0, 13.0, 13.0, 13.5, 14.0]
2019.12.14-15:58:21
[15.5, 16.0, 15.5, 15.75, 15.75, 15.75, 16.5, 16.0, 15.25, 16.0, 15.0, 15.75, 15.5, 15.5, 16.0, 16.75, 15.75, 15.75, 15.5, 15.25, 15.5, 15.25, 16.0, 16.0, 15.25, 15.0, 15.0, 15.75, 15.25, 15.75, 16.25, 16.0, 15.5, 15.0, 15.25, 15.0, 15.25, 15.5, 16.25, 16.0, 14.75, 14.5, 15.0, 15.25, 15.0, 15.25, 15.75, 16.5, 15.25, 15.5, 14.75, 15.0, 15.5, 15.25, 16.0, 16.0, 15.5, 14.75, 15.0, 14.75, 14.5, 14.75, 15.75, 16.25]
2019.12.14-15:58:54
[16.25, 15.5, 15.75, 15.5, 15.75, 16.25, 16.5, 16.25, 15.75, 16.0, 15.75, 15.5, 16.25, 15.5, 16.5, 16.25, 15.5, 16.0, 15.75, 15.25, 15.5, 15.75, 16.25, 16.25, 15.75, 15.25, 14.75, 15.5, 15.25, 15.75, 16.0, 16.5, 15.5, 15.5, 15.5, 15.25, 15.5, 15.75, 16.25, 16.25, 15.75, 15.0, 15.5, 15.5, 15.25, 15.75, 16.25, 16.25, 15.0, 15.5, 15.25, 15.25, 15.25, 15.0, 16.0, 15.75, 15.5, 14.75, 14.75, 14.75, 14.75, 14.75, 15.75, 15.75]
2019.12.14-16:02:30
[16.0, 16.0, 16.0, 16.0, 15.5, 16.0, 16.0, 15.75, 15.75, 16.25, 15.5, 15.75, 15.5, 16.0, 16.5, 16.0, 15.25, 16.0, 15.5, 15.25, 15.25, 15.75, 15.5, 16.25, 15.0, 15.25, 15.25, 15.25, 15.25, 15.5, 16.25, 16.25, 15.5, 15.5, 15.5, 15.5, 15.5, 15.25, 16.25, 16.75, 15.75, 15.0, 14.75, 15.25, 15.25, 15.75, 16.25, 16.0, 15.0, 15.5, 14.75, 14.5, 15.25, 15.0, 15.75, 15.75, 15.0, 15.0, 14.75, 14.5, 15.0, 15.25, 15.75, 15.25]
2019.12.14-16:03:20
[16.25, 16.0, 15.5, 16.0, 15.75, 16.0, 16.5, 16.0, 15.25, 16.25, 15.5, 15.5, 15.75, 15.75, 16.25, 16.25, 16.0, 16.0, 15.25, 15.5, 15.75, 15.75, 16.0, 16.25, 15.5, 15.0, 15.25, 15.5, 15.75, 15.5, 16.0, 16.5, 15.25, 15.5, 15.75, 15.5, 15.5, 16.0, 16.25, 16.5, 15.0, 15.25, 14.75, 15.5, 15.25, 16.0, 16.25, 16.0, 15.0, 15.25, 15.0, 15.0, 15.75, 15.75, 16.5, 15.0, 15.0, 14.75, 15.5, 14.5, 14.75, 14.5, 15.5, 16.0]
2019.12.14-16:04:18
[15.75, 15.75, 16.0, 15.75, 15.25, 16.0, 16.5, 16.5, 15.25, 16.0, 16.0, 15.75, 16.25, 16.0, 16.25, 16.25, 16.25, 16.0, 16.0, 15.25, 15.75, 15.75, 16.25, 16.5, 15.5, 16.0, 15.5, 15.75, 15.5, 16.0, 16.5, 16.25, 15.5, 15.75, 15.75, 15.5, 16.0, 16.5, 17.0, 16.25, 16.0, 15.75, 15.25, 15.75, 15.5, 16.25, 16.25, 16.25, 15.0, 15.75, 15.0, 15.5, 16.0, 16.0, 16.25, 15.25, 15.75, 15.5, 15.75, 15.25, 15.5, 15.25, 15.5, 16.25]
2019.12.14-16:10:53
[16.25, 16.25, 15.5, 16.0, 15.25, 15.5, 16.0, 15.75, 15.75, 15.75, 15.5, 15.5, 15.75, 15.75, 16.25, 16.25, 15.5, 15.75, 15.75, 15.25, 16.0, 16.25, 16.0, 16.0, 15.0, 15.25, 15.0, 15.75, 15.25, 15.25, 16.25, 16.25, 15.5, 15.5, 15.0, 15.5, 15.0, 15.5, 16.5, 16.5, 15.5, 15.0, 14.75, 15.25, 15.25, 16.0, 15.5, 16.0, 15.0, 14.75, 15.0, 14.75, 15.75, 15.5, 16.0, 15.75, 15.75, 15.25, 15.25, 14.5, 14.75, 15.25, 15.75, 16.5]
2019.12.14-16:12:11
[16.0, 16.0, 15.75, 16.0, 15.25, 15.75, 15.75, 16.75, 15.5, 16.0, 15.5, 16.0, 15.5, 16.0, 16.5, 16.25, 15.25, 16.25, 15.75, 15.5, 15.5, 16.0, 16.5, 16.25, 15.75, 15.5, 15.0, 15.75, 15.75, 15.75, 16.0, 16.0, 15.75, 16.0, 15.5, 15.0, 15.25, 15.75, 16.25, 16.0, 16.0, 15.5, 15.0, 15.25, 15.25, 16.0, 15.75, 16.0, 15.5, 15.25, 15.25, 15.5, 15.25, 15.5, 16.25, 15.75, 15.75, 15.25, 15.75, 14.5, 15.5, 15.5, 15.75, 15.75]
2019.12.14-16:12:23
[16.25, 16.25, 15.75, 16.0, 15.75, 15.75, 16.5, 16.25, 15.5, 16.0, 15.5, 15.5, 15.75, 15.75, 16.25, 16.75, 15.5, 15.75, 15.25, 15.5, 15.75, 16.0, 16.0, 16.5, 15.0, 15.0, 14.75, 15.5, 15.25, 15.75, 15.75, 16.5, 15.5, 15.5, 15.25, 15.5, 15.25, 15.75, 15.75, 16.25, 15.5, 15.0, 14.5, 15.0, 15.25, 16.0, 15.25, 15.75, 15.5, 15.25, 14.75, 14.75, 15.5, 15.25, 15.75, 15.25, 15.0, 15.5, 15.25, 14.5, 14.75, 15.0, 15.75, 16.0]
2019.12.14-16:12:35
[15.75, 15.75, 15.75, 15.75, 15.0, 15.75, 16.25, 16.5, 15.25, 16.0, 15.5, 15.5, 15.75, 15.25, 16.0, 16.25, 15.5, 15.75, 15.5, 15.25, 15.5, 15.75, 16.25, 16.0, 15.25, 15.25, 15.0, 15.25, 15.5, 15.25, 15.75, 16.0, 15.25, 15.0, 15.0, 15.0, 15.0, 15.5, 15.5, 15.75, 16.0, 15.25, 14.75, 15.0, 14.75, 15.5, 15.25, 16.0, 15.0, 14.75, 15.25, 14.75, 15.0, 14.5, 15.75, 15.25, 15.25, 14.5, 14.5, 14.25, 14.5, 15.0, 15.25, 15.75]
2019.12.14-16:12:47
[16.0, 15.5, 15.25, 15.5, 15.5, 15.75, 16.5, 16.0, 15.5, 15.75, 15.25, 15.25, 15.75, 15.25, 16.5, 16.25, 15.5, 15.75, 15.5, 15.0, 15.5, 15.5, 16.0, 16.0, 15.25, 15.0, 15.0, 15.25, 15.5, 15.75, 15.75, 16.0, 15.0, 16.0, 15.0, 15.25, 14.75, 15.5, 15.75, 16.75, 16.0, 15.25, 14.75, 15.5, 15.0, 15.5, 16.0, 16.0, 15.0, 14.75, 14.75, 15.0, 15.0, 15.0, 15.5, 16.25, 15.75, 15.25, 14.75, 14.75, 15.0, 14.75, 15.5, 15.5]
2019.12.14-16:16:30
[16.0, 15.75, 14.75, 15.25, 15.25, 15.5, 16.0, 16.25, 15.5, 16.0, 15.5, 15.25, 15.5, 16.25, 16.25, 16.0, 15.0, 15.5, 15.75, 15.25, 15.25, 16.0, 16.25, 15.75, 15.25, 15.25, 15.0, 15.25, 15.25, 15.5, 16.25, 16.0, 15.25, 15.5, 15.5, 15.0, 15.0, 15.5, 15.75, 16.5, 14.75, 15.0, 15.0, 15.0, 15.0, 15.25, 16.0, 15.75, 15.25, 15.25, 14.75, 14.75, 15.5, 15.5, 15.75, 15.25, 14.75, 15.25, 14.5, 14.5, 14.5, 15.0, 14.75, 15.0]
2019.12.14-16:21:22
[15.25, 15.75, 15.5, 15.25, 15.25, 15.25, 16.25, 16.0, 15.5, 15.25, 15.0, 15.0, 15.75, 15.0, 16.0, 16.25, 15.25, 15.25, 15.0, 15.25, 15.0, 15.25, 16.0, 16.0, 15.25, 14.75, 14.5, 15.25, 15.25, 15.25, 15.25, 16.25, 15.0, 15.0, 14.75, 14.5, 15.0, 15.75, 15.5, 15.75, 15.25, 14.5, 14.75, 14.75, 14.5, 15.25, 15.5, 16.0, 15.25, 14.5, 14.5, 15.25, 15.5, 15.0, 15.5, 15.25, 15.0, 14.5, 15.0, 14.25, 14.25, 15.0, 16.0, 15.25]
2019.12.14-16:21:34
[15.5, 16.0, 15.5, 15.75, 15.25, 15.5, 16.0, 16.0, 15.0, 15.75, 15.25, 15.5, 15.75, 15.25, 16.25, 15.5, 15.25, 15.5, 15.25, 14.5, 15.25, 15.25, 16.5, 15.75, 15.25, 15.0, 15.0, 15.5, 14.75, 15.25, 15.25, 16.0, 15.25, 15.75, 15.0, 15.5, 15.25, 15.75, 15.5, 16.25, 15.75, 14.5, 14.75, 15.25, 15.0, 15.0, 15.5, 15.5, 14.75, 15.25, 14.75, 14.75, 15.0, 15.25, 15.75, 15.75, 14.75, 15.25, 14.75, 14.75, 14.75, 14.5, 15.5, 15.5]
2019.12.14-16:21:59
[15.75, 16.0, 15.5, 16.0, 15.25, 15.75, 16.0, 16.25, 15.25, 16.0, 15.25, 15.5, 15.75, 15.5, 16.25, 16.25, 15.75, 15.75, 15.25, 15.25, 15.5, 15.5, 16.0, 16.0, 15.0, 14.75, 14.5, 15.25, 15.25, 15.5, 16.0, 15.5, 15.0, 15.5, 15.25, 15.25, 15.25, 15.25, 16.0, 16.5, 15.25, 15.0, 14.75, 15.25, 14.75, 15.75, 15.5, 15.75, 15.25, 14.5, 14.5, 14.75, 15.0, 15.0, 15.75, 15.5, 15.5, 15.0, 15.25, 14.75, 14.75, 14.25, 15.0, 16.0]
2019.12.14-16:22:11
[15.5, 16.25, 15.5, 15.5, 15.5, 15.5, 16.0, 15.75, 15.25, 15.5, 15.5, 15.0, 15.25, 15.25, 16.25, 16.25, 15.25, 15.25, 15.0, 15.0, 15.5, 15.25, 15.5, 15.75, 15.0, 14.25, 14.75, 15.25, 15.0, 15.5, 15.75, 16.0, 15.25, 15.25, 15.0, 15.25, 15.25, 15.5, 15.5, 16.25, 15.0, 15.0, 14.75, 14.75, 15.0, 15.5, 15.5, 15.5, 15.0, 14.5, 14.5, 14.75, 15.0, 15.0, 15.5, 14.75, 15.25, 14.5, 15.0, 14.25, 15.0, 14.5, 15.5, 15.25]
2019.12.14-16:22:23
[15.5, 15.5, 15.75, 15.5, 14.75, 15.75, 16.0, 16.0, 15.25, 15.5, 15.0, 15.25, 15.75, 15.5, 16.0, 16.25, 15.5, 15.0, 15.5, 15.25, 15.75, 15.25, 15.75, 15.5, 15.25, 15.0, 14.5, 15.0, 14.75, 15.75, 15.5, 15.75, 15.0, 15.25, 15.75, 14.75, 15.25, 15.5, 16.0, 16.0, 15.5, 15.0, 15.0, 14.75, 15.0, 15.25, 15.75, 15.75, 15.0, 14.75, 14.5, 15.0, 15.25, 15.0, 15.75, 15.5, 14.75, 15.5, 15.25, 15.0, 14.25, 14.75, 15.25, 15.25]
2019.12.14-16:22:49
[16.0, 15.75, 15.5, 15.5, 15.75, 15.5, 16.25, 15.75, 15.25, 15.75, 15.0, 15.25, 15.75, 15.25, 16.25, 15.75, 15.5, 15.75, 15.25, 15.25, 15.5, 15.75, 15.5, 15.5, 15.25, 14.75, 14.75, 15.0, 15.5, 15.25, 16.0, 15.5, 15.25, 15.25, 15.25, 14.75, 15.25, 15.5, 15.5, 15.75, 15.0, 14.5, 14.5, 15.0, 14.75, 15.5, 15.5, 16.0, 14.5, 14.75, 14.75, 14.75, 15.25, 14.75, 15.75, 15.0, 14.75, 14.5, 14.75, 14.25, 14.5, 14.75, 15.75, 15.5]
2019.12.14-16:24:56
[15.75, 15.5, 15.25, 15.75, 15.5, 15.5, 16.0, 16.0, 15.25, 16.0, 15.5, 15.25, 15.5, 15.5, 16.25, 16.25, 15.5, 15.75, 15.25, 15.0, 15.25, 15.25, 15.25, 15.75, 15.25, 15.0, 15.25, 15.25, 14.75, 15.5, 16.0, 16.25, 15.5, 15.5, 14.75, 15.25, 15.25, 15.75, 15.75, 16.25, 15.5, 14.75, 15.25, 15.25, 14.75, 15.0, 15.75, 16.0, 15.25, 15.0, 14.5, 14.75, 15.25, 15.25, 15.5, 15.5, 14.75, 14.5, 14.75, 14.25, 14.75, 15.5, 15.0, 15.5]
2019.12.14-16:25:17
[16.25, 16.5, 15.75, 16.25, 15.75, 15.5, 17.0, 15.75, 15.75, 15.5, 15.25, 15.25, 16.0, 15.75, 16.0, 16.25, 15.0, 15.25, 15.25, 15.0, 15.25, 15.75, 16.0, 16.25, 15.25, 15.25, 15.0, 15.25, 15.0, 15.5, 16.0, 16.5, 15.0, 15.5, 15.25, 15.25, 15.5, 15.0, 16.25, 16.5, 15.75, 14.75, 14.75, 15.25, 15.25, 16.0, 15.5, 15.5, 15.25, 14.75, 14.75, 15.0, 15.5, 15.0, 16.25, 15.5, 15.25, 15.0, 15.0, 14.25, 15.0, 14.75, 15.0, 16.0]
2019.12.14-16:25:29
[15.25, 15.75, 15.25, 15.0, 15.25, 15.25, 15.5, 15.75, 15.25, 15.0, 14.5, 15.0, 15.25, 15.5, 16.0, 15.75, 14.75, 15.0, 14.75, 14.75, 14.75, 15.0, 15.5, 15.25, 14.75, 14.5, 14.5, 15.25, 14.5, 15.25, 15.5, 16.0, 15.0, 15.0, 15.0, 14.75, 14.75, 15.25, 15.75, 15.5, 15.0, 14.75, 14.25, 14.75, 14.75, 15.5, 15.75, 15.75, 14.75, 14.25, 14.25, 14.5, 14.75, 14.5, 15.75, 15.0, 14.5, 14.25, 14.25, 14.5, 14.25, 14.5, 14.75, 15.5]
2019.12.14-16:26:30
[15.25, 15.25, 15.0, 15.0, 14.75, 15.0, 15.5, 15.75, 14.5, 15.5, 14.5, 14.5, 15.0, 15.25, 16.0, 16.0, 15.0, 15.0, 14.75, 14.75, 15.0, 15.25, 15.25, 15.75, 14.75, 14.25, 14.25, 15.0, 14.75, 15.0, 15.25, 15.5, 15.0, 14.75, 15.0, 14.5, 14.75, 15.0, 15.0, 15.25, 14.75, 14.0, 14.5, 14.25, 14.75, 14.75, 15.0, 15.0, 14.75, 14.0, 14.0, 14.0, 14.75, 15.0, 15.5, 14.75, 14.5, 14.75, 14.75, 14.0, 14.0, 14.5, 14.75, 15.75]
2019.12.14-16:26:42
[15.5, 15.75, 15.25, 15.25, 15.25, 15.25, 15.5, 16.0, 15.25, 15.5, 15.25, 15.0, 15.25, 15.5, 15.5, 15.75, 14.75, 15.25, 15.0, 15.0, 15.0, 15.5, 15.5, 15.5, 14.75, 14.75, 14.75, 15.0, 15.0, 15.25, 15.5, 16.0, 15.0, 15.0, 14.75, 14.75, 15.0, 15.0, 15.75, 16.0, 15.0, 14.5, 14.75, 14.75, 14.75, 15.75, 15.25, 15.5, 14.75, 15.0, 14.0, 14.5, 15.0, 15.0, 15.5, 15.25, 14.75, 15.0, 15.0, 13.75, 14.5, 14.75, 15.5, 16.0]
2019.12.14-16:27:20
[15.75, 15.5, 15.75, 16.0, 15.25, 15.5, 16.0, 16.25, 15.0, 15.5, 15.0, 15.25, 15.75, 15.5, 16.0, 16.0, 15.25, 15.25, 15.0, 15.25, 15.5, 15.25, 15.25, 15.5, 15.25, 14.5, 15.0, 15.0, 15.5, 15.5, 16.0, 16.25, 14.75, 15.25, 14.5, 14.75, 15.25, 15.75, 15.5, 16.0, 15.0, 15.0, 15.0, 15.0, 14.75, 15.75, 15.75, 16.0, 15.0, 15.0, 14.75, 14.75, 14.75, 15.0, 15.25, 15.25, 14.5, 14.75, 14.5, 14.0, 14.0, 15.0, 14.75, 15.5]
2019.12.14-16:27:32
[15.25, 15.75, 15.5, 15.0, 15.0, 15.0, 16.0, 15.5, 14.5, 15.0, 15.0, 15.0, 15.5, 14.75, 15.5, 16.0, 15.0, 14.75, 15.0, 15.25, 14.75, 15.5, 15.25, 15.0, 14.75, 14.75, 14.5, 15.0, 15.0, 15.0, 15.5, 15.5, 14.75, 15.0, 14.25, 14.75, 14.75, 15.25, 15.25, 15.75, 15.0, 14.5, 14.25, 14.5, 15.0, 15.0, 15.5, 15.0, 14.5, 14.5, 14.5, 13.75, 15.0, 15.0, 15.5, 15.5, 14.5, 14.5, 14.5, 13.75, 14.5, 14.5, 15.25, 15.0]
2019.12.14-16:27:58
[15.0, 15.5, 14.75, 15.25, 14.75, 15.0, 15.5, 15.25, 15.0, 15.25, 14.5, 14.75, 15.0, 15.0, 16.25, 15.75, 14.75, 14.75, 14.25, 14.75, 15.0, 15.0, 15.5, 15.25, 14.75, 14.75, 14.0, 15.0, 14.5, 14.75, 15.0, 15.5, 14.5, 14.75, 14.5, 14.5, 14.25, 15.0, 15.0, 16.0, 14.5, 14.75, 14.25, 14.5, 14.25, 15.0, 15.25, 15.75, 15.0, 14.5, 14.0, 14.0, 14.0, 14.75, 14.75, 14.25, 14.75, 14.25, 14.5, 13.25, 14.5, 14.5, 14.5, 14.75]
2019.12.14-16:28:10
[15.75, 15.5, 15.25, 15.25, 15.0, 15.5, 16.0, 16.0, 15.25, 15.0, 15.0, 15.0, 15.5, 15.25, 15.5, 16.0, 14.75, 15.25, 15.0, 14.5, 15.0, 14.5, 15.5, 15.5, 15.0, 14.75, 14.5, 15.0, 14.75, 15.0, 15.25, 15.75, 14.75, 15.25, 14.75, 15.25, 15.0, 15.25, 15.75, 15.25, 15.25, 14.5, 14.25, 14.25, 14.75, 15.0, 15.25, 15.5, 14.5, 14.25, 14.25, 14.25, 15.0, 14.75, 15.25, 15.0, 14.5, 14.0, 15.25, 13.75, 14.0, 14.75, 15.25, 14.5]
2019.12.14-16:28:38
[15.0, 15.5, 15.25, 15.5, 14.5, 14.75, 15.5, 15.25, 14.75, 15.25, 14.75, 14.75, 15.25, 15.0, 16.0, 15.5, 15.25, 15.5, 14.75, 14.75, 15.0, 15.25, 15.5, 15.75, 14.75, 14.5, 14.25, 15.0, 14.5, 15.25, 15.75, 15.75, 14.75, 15.0, 14.75, 14.75, 14.25, 15.0, 15.25, 15.75, 14.75, 14.5, 14.5, 14.5, 15.0, 15.0, 14.75, 14.5, 14.25, 14.5, 14.25, 14.5, 15.25, 14.75, 15.25, 14.5, 14.75, 14.5, 14.0, 14.0, 14.25, 14.0, 15.5, 14.5]
2019.12.14-16:28:50
[15.5, 15.25, 15.5, 15.5, 15.0, 15.0, 15.75, 15.75, 15.25, 15.25, 14.5, 14.75, 15.5, 15.25, 15.75, 15.5, 14.5, 14.75, 14.75, 14.5, 14.75, 14.75, 15.5, 15.25, 14.75, 14.75, 14.5, 15.0, 14.5, 15.0, 15.5, 15.5, 14.5, 14.5, 14.75, 14.75, 14.5, 15.25, 15.75, 15.5, 15.0, 14.75, 14.25, 14.75, 15.0, 15.25, 15.25, 15.5, 14.25, 14.25, 14.25, 14.5, 15.0, 15.25, 15.25, 15.25, 14.75, 14.25, 14.5, 14.0, 14.25, 14.25, 15.0, 15.25]
2019.12.14-16:29:51
[15.5, 15.5, 15.75, 15.75, 15.0, 15.0, 15.5, 15.5, 15.5, 15.75, 15.25, 15.25, 16.0, 16.0, 16.25, 15.75, 15.5, 15.5, 15.25, 15.25, 15.75, 16.0, 16.0, 15.5, 15.75, 15.25, 14.75, 15.25, 15.25, 15.5, 16.0, 16.0, 15.5, 15.25, 15.25, 15.0, 15.5, 15.75, 15.5, 15.75, 15.5, 14.75, 14.75, 14.75, 15.5, 15.75, 16.0, 16.75, 15.75, 15.5, 15.0, 15.25, 15.5, 15.75, 16.5, 16.25, 15.25, 15.25, 15.25, 15.0, 15.0, 15.5, 15.25, 15.75]
2019.12.14-16:30:21
[15.25, 15.5, 14.75, 15.0, 15.0, 15.25, 15.5, 15.25, 15.0, 15.25, 14.75, 15.25, 15.25, 15.0, 16.0, 16.0, 15.0, 15.0, 14.75, 15.0, 15.0, 15.25, 15.75, 15.5, 14.5, 14.75, 14.75, 14.75, 14.75, 15.25, 15.75, 15.5, 15.5, 15.25, 14.75, 14.75, 14.75, 15.5, 15.75, 15.75, 14.5, 14.25, 14.75, 14.25, 14.75, 15.25, 15.0, 15.75, 14.75, 14.75, 14.5, 14.25, 15.75, 14.5, 15.5, 15.25, 14.75, 15.25, 15.0, 14.25, 14.25, 14.5, 15.5, 15.5]
2019.12.14-16:30:33
[15.5, 15.0, 14.5, 15.25, 14.75, 15.25, 15.5, 15.5, 15.0, 15.25, 15.0, 14.75, 14.75, 15.5, 15.75, 15.75, 14.5, 15.0, 15.0, 14.5, 15.5, 15.25, 15.25, 15.75, 15.0, 14.75, 14.5, 14.25, 14.75, 15.0, 15.0, 15.5, 14.75, 15.0, 14.75, 14.5, 14.75, 15.0, 15.5, 16.0, 15.25, 14.25, 14.5, 15.0, 14.5, 14.75, 14.75, 15.5, 14.75, 14.0, 14.0, 14.0, 14.25, 14.75, 15.5, 15.25, 14.75, 14.5, 14.5, 14.0, 13.75, 14.25, 15.0, 15.25]
2019.12.14-16:31:09
[15.25, 15.25, 14.75, 15.25, 15.0, 14.75, 15.75, 15.75, 14.5, 15.0, 14.0, 14.5, 15.25, 15.25, 15.5, 16.0, 15.0, 15.0, 14.75, 14.5, 15.0, 15.25, 15.75, 15.5, 14.25, 14.5, 14.5, 14.5, 14.5, 15.25, 15.25, 15.75, 15.0, 14.5, 14.0, 14.75, 14.75, 14.75, 15.0, 15.5, 15.0, 14.0, 14.75, 14.5, 14.5, 15.0, 15.0, 15.0, 15.0, 14.0, 14.25, 13.75, 14.75, 14.5, 15.5, 14.75, 14.25, 14.25, 14.25, 13.75, 14.5, 14.5, 14.75, 14.25]
2019.12.14-16:31:21
[15.5, 15.25, 15.25, 15.5, 15.25, 15.75, 15.75, 15.5, 15.25, 15.5, 15.0, 15.25, 15.75, 15.25, 15.75, 15.5, 15.0, 15.25, 14.75, 15.25, 15.5, 15.5, 15.75, 15.75, 15.0, 14.5, 14.75, 15.5, 14.75, 15.5, 15.5, 15.5, 15.5, 14.75, 15.25, 15.0, 15.0, 15.5, 15.25, 15.75, 14.75, 15.0, 14.75, 15.0, 14.75, 15.25, 15.25, 15.75, 15.0, 15.0, 14.75, 14.75, 15.25, 14.75, 15.5, 15.25, 15.0, 14.0, 14.5, 14.25, 14.75, 14.5, 15.0, 15.75]
2019.12.14-16:32:15
[15.5, 15.75, 14.5, 15.25, 15.0, 15.5, 15.75, 15.5, 15.25, 15.25, 15.25, 15.0, 15.5, 14.75, 15.75, 16.25, 15.25, 15.25, 15.0, 14.5, 15.0, 15.25, 15.5, 15.25, 15.25, 14.75, 14.75, 15.0, 15.25, 15.0, 15.5, 15.75, 14.5, 15.0, 14.25, 14.75, 15.25, 15.25, 15.5, 15.75, 15.0, 14.5, 14.75, 15.0, 15.0, 15.25, 15.0, 15.5, 15.0, 14.25, 14.5, 14.25, 15.0, 14.75, 15.75, 14.5, 14.5, 15.0, 14.0, 14.0, 14.25, 14.25, 14.5, 14.75]
2019.12.14-16:32:27
[15.5, 15.5, 15.25, 15.25, 15.25, 15.25, 15.75, 15.5, 15.25, 15.75, 14.75, 14.5, 15.0, 15.25, 15.5, 15.75, 15.0, 14.5, 14.5, 14.75, 15.0, 15.25, 15.25, 15.5, 14.5, 14.0, 14.25, 14.5, 14.75, 14.75, 15.25, 15.75, 15.0, 14.5, 14.75, 14.5, 14.75, 15.25, 15.25, 15.25, 15.25, 14.75, 14.5, 15.0, 14.75, 15.0, 14.75, 15.5, 14.75, 14.0, 14.75, 14.0, 15.0, 14.5, 15.5, 15.0, 14.5, 14.25, 14.25, 14.0, 13.75, 14.5, 14.5, 15.25]
2019.12.14-16:34:48
[15.75, 15.25, 14.5, 15.25, 15.0, 15.0, 15.5, 16.0, 14.75, 15.25, 14.25, 15.0, 15.25, 15.0, 16.25, 15.25, 15.25, 14.75, 14.75, 14.75, 14.75, 15.0, 15.5, 15.75, 14.75, 14.5, 14.5, 15.0, 14.5, 15.25, 16.0, 15.0, 14.75, 14.75, 14.5, 14.5, 14.75, 15.25, 15.25, 15.25, 15.25, 14.25, 14.25, 14.0, 14.5, 14.75, 15.0, 15.0, 15.0, 14.25, 14.0, 14.25, 14.5, 14.25, 15.5, 14.75, 14.25, 14.25, 14.25, 13.75, 14.0, 13.75, 14.5, 14.5]
2019.12.14-16:36:22
[15.5, 15.25, 14.75, 14.75, 15.0, 14.5, 15.5, 16.0, 15.0, 15.5, 14.5, 14.75, 15.25, 15.0, 15.0, 15.5, 14.75, 15.0, 14.5, 14.5, 15.0, 15.25, 15.25, 15.5, 14.5, 14.25, 14.25, 14.0, 14.25, 14.75, 15.0, 15.5, 14.75, 14.5, 14.5, 14.5, 14.5, 15.0, 15.25, 15.0, 15.25, 14.25, 14.25, 14.5, 14.5, 14.5, 14.75, 15.0, 14.0, 14.0, 14.0, 14.0, 14.25, 14.25, 14.75, 14.25, 14.25, 14.25, 14.25, 13.25, 13.5, 14.0, 14.5, 15.25]
2019.12.14-16:36:47
[15.25, 15.75, 15.25, 15.75, 15.25, 15.5, 16.0, 15.0, 14.75, 15.5, 15.0, 15.25, 15.0, 15.25, 15.5, 15.5, 15.25, 15.25, 15.25, 15.0, 14.75, 15.75, 15.5, 16.0, 14.5, 14.75, 14.5, 14.75, 15.25, 15.0, 15.25, 15.75, 15.0, 15.0, 14.75, 15.0, 14.75, 15.5, 15.5, 16.0, 14.75, 14.25, 14.5, 14.75, 14.5, 15.75, 15.5, 15.25, 15.5, 15.25, 14.75, 15.0, 15.75, 14.75, 15.5, 15.25, 14.25, 14.5, 14.5, 14.5, 14.5, 14.75, 15.0, 15.25]
2019.12.14-16:36:59
[15.25, 15.25, 15.0, 15.25, 15.0, 15.25, 15.5, 15.25, 15.0, 15.25, 15.0, 15.25, 15.75, 15.0, 15.75, 15.5, 15.0, 15.0, 14.5, 14.5, 14.75, 15.0, 15.5, 15.5, 15.25, 14.25, 14.5, 14.75, 14.75, 15.0, 15.5, 15.25, 14.75, 15.0, 14.5, 15.0, 14.75, 15.25, 16.0, 15.75, 15.0, 14.5, 14.5, 14.25, 14.75, 15.25, 15.5, 15.75, 14.5, 14.25, 14.5, 14.25, 14.5, 14.75, 15.25, 15.25, 14.5, 14.5, 14.5, 14.25, 14.5, 14.5, 14.5, 15.0]
2019.12.14-16:37:06
[15.25, 15.5, 15.0, 15.5, 15.0, 15.5, 15.75, 15.75, 15.0, 15.0, 14.5, 14.5, 15.25, 15.0, 16.0, 15.75, 15.5, 15.25, 15.0, 14.75, 15.0, 15.5, 15.25, 15.25, 14.5, 14.5, 14.0, 14.5, 14.75, 15.0, 15.25, 15.5, 14.5, 15.0, 14.75, 15.25, 14.75, 14.75, 15.25, 15.75, 15.25, 14.25, 14.75, 14.25, 14.5, 15.0, 15.25, 15.75, 15.0, 14.75, 14.25, 14.5, 14.75, 14.75, 15.0, 15.25, 14.75, 14.0, 14.5, 13.75, 13.75, 14.5, 14.5, 15.0]
2019.12.14-16:37:14
[14.75, 15.25, 14.75, 15.25, 14.75, 15.0, 15.75, 15.0, 14.5, 15.25, 14.5, 14.75, 15.5, 14.75, 15.75, 15.75, 15.0, 15.25, 15.0, 14.75, 15.0, 15.25, 15.75, 15.0, 14.5, 14.5, 14.5, 14.75, 14.5, 15.0, 15.25, 15.5, 14.75, 15.0, 14.75, 14.5, 14.75, 15.0, 15.5, 15.25, 14.75, 14.25, 14.5, 14.5, 14.5, 15.25, 15.0, 15.0, 14.5, 14.5, 13.75, 14.0, 14.75, 14.75, 15.5, 15.25, 15.0, 14.5, 14.25, 13.75, 14.25, 14.25, 15.25, 15.5]
2019.12.14-16:37:26
[15.0, 15.25, 15.0, 14.75, 14.5, 15.25, 15.75, 15.5, 15.5, 15.25, 14.5, 14.5, 15.0, 15.25, 15.25, 15.5, 14.5, 14.75, 14.25, 15.0, 14.75, 14.75, 15.25, 15.0, 15.25, 14.0, 14.75, 15.0, 14.75, 15.0, 15.25, 15.25, 14.5, 15.0, 14.5, 14.75, 14.75, 15.0, 15.25, 15.5, 15.25, 14.5, 14.25, 14.5, 14.75, 15.25, 15.25, 15.75, 14.25, 14.25, 14.0, 14.25, 15.0, 14.25, 15.0, 14.25, 14.25, 14.0, 14.25, 13.5, 14.0, 14.0, 15.25, 15.0]
2019.12.14-16:40:17
[15.75, 15.75, 15.25, 15.5, 15.25, 15.5, 16.5, 16.25, 15.5, 15.75, 15.25, 15.5, 15.0, 15.25, 16.0, 16.25, 15.25, 15.75, 15.5, 15.25, 15.25, 15.5, 15.75, 15.5, 15.25, 15.0, 14.75, 15.25, 14.75, 15.25, 15.75, 15.75, 14.75, 15.25, 14.75, 15.25, 14.75, 15.25, 15.5, 15.75, 15.5, 14.75, 14.5, 15.25, 15.0, 15.25, 15.5, 15.5, 14.75, 14.5, 14.5, 14.5, 15.25, 15.0, 15.75, 15.25, 15.25, 15.25, 14.5, 14.5, 15.0, 14.75, 15.25, 15.75]
2019.12.14-16:40:29
[15.25, 15.0, 14.5, 15.25, 15.25, 15.0, 16.0, 15.5, 14.75, 15.25, 14.25, 15.0, 15.25, 15.0, 15.5, 15.0, 15.0, 14.75, 14.75, 14.75, 15.0, 15.25, 15.75, 15.5, 14.25, 14.5, 14.5, 15.0, 14.75, 15.25, 15.25, 15.5, 15.0, 14.75, 15.0, 14.75, 14.75, 15.0, 15.5, 15.5, 15.0, 14.25, 14.5, 14.75, 14.25, 15.75, 15.25, 15.0, 15.0, 14.5, 14.25, 14.25, 15.0, 15.25, 15.25, 15.25, 14.5, 14.5, 14.25, 14.25, 14.5, 14.25, 15.25, 15.0]
2019.12.14-16:41:13
[16.0, 15.5, 15.25, 16.0, 15.25, 16.0, 16.5, 16.25, 15.75, 15.5, 15.5, 15.25, 16.0, 15.5, 16.5, 16.25, 15.25, 15.5, 15.25, 15.25, 15.5, 15.75, 16.0, 15.75, 15.25, 15.25, 15.0, 15.5, 15.5, 15.5, 16.25, 15.75, 15.0, 15.5, 15.25, 15.5, 15.0, 15.75, 15.75, 16.25, 15.5, 14.75, 14.75, 14.75, 15.25, 15.5, 16.0, 16.25, 15.0, 15.0, 14.5, 14.75, 15.75, 15.75, 16.5, 15.25, 15.0, 15.0, 15.0, 14.5, 14.75, 15.25, 16.0, 15.75]
2019.12.14-16:41:25
[15.25, 15.5, 15.25, 15.0, 14.75, 15.5, 15.5, 15.75, 14.75, 15.25, 14.75, 14.75, 15.5, 15.25, 15.5, 15.75, 14.75, 15.25, 14.5, 15.0, 15.25, 15.5, 15.5, 15.5, 14.25, 15.0, 14.25, 14.5, 14.25, 15.0, 15.25, 15.5, 15.25, 15.0, 14.75, 14.75, 14.25, 14.75, 15.0, 15.5, 14.75, 14.75, 14.5, 14.5, 14.5, 15.0, 15.5, 15.25, 14.75, 14.75, 14.5, 14.25, 14.75, 14.75, 15.25, 15.0, 14.75, 14.75, 14.25, 13.75, 14.5, 14.5, 15.0, 14.75]
2019.12.14-16:41:36
[15.25, 16.25, 14.75, 15.5, 15.25, 15.25, 16.0, 16.25, 15.5, 15.25, 15.0, 15.0, 15.25, 15.25, 16.0, 15.75, 15.25, 15.25, 15.0, 15.0, 15.25, 15.25, 15.75, 15.5, 15.25, 15.0, 15.0, 15.0, 15.0, 15.5, 16.0, 16.5, 15.25, 15.25, 14.5, 14.5, 14.75, 15.25, 15.75, 15.75, 15.25, 14.75, 14.5, 15.25, 14.75, 15.75, 15.25, 15.25, 15.0, 15.0, 14.5, 14.5, 16.0, 14.75, 16.0, 14.5, 15.25, 14.5, 14.75, 14.25, 14.25, 14.5, 15.0, 15.0]
2019.12.14-16:42:44
[15.5, 15.25, 15.0, 15.0, 15.0, 15.0, 15.5, 15.75, 14.5, 15.25, 14.0, 14.75, 15.0, 14.75, 15.25, 15.5, 14.75, 15.0, 15.0, 14.5, 14.75, 14.75, 15.0, 15.0, 14.75, 14.5, 14.25, 15.0, 14.75, 15.0, 15.25, 15.0, 14.75, 14.75, 14.0, 14.75, 14.25, 15.0, 15.25, 15.0, 15.0, 13.75, 14.0, 14.5, 14.5, 15.25, 15.0, 15.0, 14.0, 14.25, 14.0, 14.5, 14.5, 14.25, 15.25, 14.75, 14.25, 14.5, 14.5, 14.0, 14.0, 14.0, 14.75, 15.25]
2019.12.14-16:42:56
[16.0, 15.5, 15.0, 15.5, 15.75, 15.75, 15.5, 15.75, 15.25, 15.0, 15.5, 15.5, 15.25, 15.25, 16.0, 15.75, 15.25, 15.5, 15.5, 15.0, 15.5, 15.5, 16.0, 16.0, 14.5, 15.0, 14.75, 15.25, 15.0, 14.75, 15.75, 16.0, 15.0, 15.25, 14.75, 14.75, 15.25, 15.5, 15.5, 16.0, 15.0, 15.0, 14.5, 15.25, 14.75, 15.75, 15.5, 15.75, 15.0, 14.75, 14.75, 14.5, 15.25, 14.75, 16.25, 15.0, 14.75, 15.0, 14.75, 14.75, 15.0, 15.0, 15.5, 15.25]
2019.12.14-16:45:51
[15.5, 16.0, 15.0, 15.5, 15.5, 15.5, 16.0, 15.75, 15.25, 15.5, 15.0, 15.5, 15.75, 15.0, 16.25, 16.0, 15.75, 15.5, 15.25, 15.25, 15.25, 15.25, 15.75, 15.75, 15.5, 15.0, 15.0, 15.0, 15.25, 15.25, 16.0, 16.25, 15.25, 15.25, 15.0, 15.25, 15.5, 15.5, 16.0, 16.25, 15.5, 15.0, 14.75, 15.25, 15.0, 15.75, 15.75, 15.75, 15.25, 14.75, 14.5, 15.0, 15.5, 15.0, 16.0, 15.25, 15.5, 15.25, 14.75, 14.25, 15.25, 15.5, 15.75, 16.0]
2019.12.14-16:45:59
[15.75, 15.75, 15.25, 15.5, 15.0, 15.25, 16.0, 15.75, 14.75, 16.0, 14.75, 15.25, 15.25, 15.5, 15.75, 15.75, 15.25, 15.5, 15.25, 15.5, 15.25, 16.0, 16.25, 16.0, 15.25, 15.25, 15.0, 15.25, 15.0, 15.25, 15.75, 16.5, 14.75, 15.25, 15.0, 15.25, 15.0, 15.5, 16.0, 16.0, 15.0, 15.0, 14.75, 15.25, 15.0, 15.25, 16.0, 16.0, 15.25, 14.75, 14.75, 14.75, 15.5, 15.25, 16.0, 15.25, 15.0, 15.75, 15.0, 14.25, 14.75, 14.5, 16.0, 15.5]
2019.12.14-16:46:13
[15.75, 16.25, 15.5, 15.75, 15.0, 16.0, 16.0, 16.25, 15.5, 15.5, 15.0, 15.0, 15.5, 15.25, 16.5, 16.5, 15.25, 15.75, 15.0, 15.0, 15.0, 15.75, 16.25, 15.75, 15.25, 15.25, 15.25, 15.75, 15.25, 15.75, 16.25, 16.25, 15.5, 15.5, 14.75, 15.0, 15.25, 15.5, 15.5, 16.5, 15.25, 14.75, 14.75, 15.0, 15.75, 15.5, 15.75, 15.75, 14.75, 15.25, 14.75, 15.0, 15.25, 15.5, 15.75, 15.75, 15.5, 15.0, 15.0, 15.0, 15.0, 15.25, 15.75, 15.75]
2019.12.14-16:47:22
[16.0, 15.75, 15.0, 15.5, 15.75, 15.75, 16.0, 16.0, 15.75, 15.75, 15.25, 15.5, 15.5, 15.5, 16.0, 15.75, 15.5, 15.5, 15.0, 15.5, 15.25, 15.25, 16.0, 16.0, 15.0, 14.75, 15.25, 15.25, 15.25, 15.75, 16.0, 16.0, 15.75, 15.75, 15.25, 15.25, 15.0, 15.25, 16.0, 16.25, 15.5, 14.75, 14.75, 15.25, 15.0, 15.5, 15.75, 15.75, 15.5, 15.0, 15.5, 14.75, 15.75, 15.25, 15.75, 15.75, 15.25, 15.5, 15.0, 14.5, 15.5, 15.5, 16.0, 16.0]
2019.12.14-16:47:34
[15.25, 16.25, 15.75, 15.5, 15.25, 15.75, 16.0, 16.75, 15.25, 16.0, 15.0, 15.5, 15.75, 15.5, 16.0, 16.5, 15.75, 15.5, 15.5, 15.5, 15.5, 16.0, 16.5, 15.75, 15.25, 15.75, 15.0, 15.75, 15.5, 15.5, 16.5, 16.25, 15.75, 16.0, 15.25, 15.5, 15.25, 15.75, 16.25, 16.5, 15.75, 15.25, 15.25, 15.5, 15.25, 16.0, 16.0, 16.0, 15.25, 15.0, 15.5, 15.25, 15.75, 16.0, 16.5, 15.75, 15.5, 15.75, 15.25, 14.75, 15.0, 15.5, 16.0, 16.0]
2019.12.14-16:49:16
[16.0, 16.0, 16.0, 16.0, 15.75, 15.75, 16.25, 16.5, 15.5, 15.75, 15.5, 15.75, 15.5, 15.75, 16.25, 16.75, 16.0, 16.0, 15.75, 15.5, 15.75, 16.0, 16.0, 16.0, 15.5, 15.25, 15.25, 15.5, 15.75, 15.75, 16.5, 16.5, 15.75, 15.75, 15.25, 15.0, 15.25, 15.5, 16.5, 16.25, 15.5, 14.75, 15.0, 15.5, 15.75, 15.75, 15.75, 16.25, 15.25, 15.0, 14.5, 15.5, 16.0, 15.5, 15.5, 15.5, 15.75, 15.75, 15.25, 15.0, 15.0, 15.75, 16.25, 16.5]
2019.12.14-16:50:53
[15.75, 16.25, 15.25, 15.75, 15.5, 15.75, 16.25, 16.25, 15.5, 16.0, 15.0, 15.25, 15.5, 15.75, 16.0, 16.25, 15.25, 15.75, 15.25, 15.25, 15.0, 15.25, 16.0, 16.0, 15.25, 15.25, 15.5, 15.25, 15.25, 15.75, 16.0, 16.0, 15.25, 15.25, 15.0, 15.25, 15.5, 15.5, 16.0, 16.25, 15.25, 14.75, 15.25, 15.25, 15.25, 15.75, 15.75, 16.0, 15.0, 15.25, 14.75, 15.0, 15.5, 15.0, 15.75, 16.0, 14.75, 14.5, 15.0, 14.5, 14.75, 15.25, 16.0, 16.0]
2019.12.14-16:51:57
[16.0, 16.0, 15.75, 15.5, 15.25, 15.75, 16.5, 16.0, 15.75, 16.0, 15.5, 15.5, 15.75, 15.75, 16.25, 16.5, 15.5, 15.75, 15.25, 15.25, 15.5, 15.75, 16.25, 16.0, 15.75, 15.25, 15.25, 15.75, 15.5, 16.0, 16.25, 16.25, 15.5, 16.0, 15.25, 15.25, 15.5, 16.25, 16.25, 16.5, 15.75, 15.5, 15.25, 15.25, 15.5, 15.75, 16.25, 16.5, 15.25, 15.25, 15.0, 15.0, 15.5, 15.75, 16.25, 15.75, 15.25, 15.0, 15.75, 15.0, 15.5, 15.75, 16.0, 16.5]
2019.12.14-16:52:19
[16.0, 16.5, 16.25, 15.75, 15.75, 16.25, 16.5, 16.25, 15.75, 16.25, 15.5, 15.75, 15.75, 16.0, 16.75, 16.5, 16.0, 16.0, 15.5, 15.75, 16.0, 16.0, 16.25, 16.5, 15.25, 15.25, 15.5, 15.5, 15.5, 15.75, 16.5, 17.0, 15.75, 15.75, 15.5, 15.5, 15.75, 16.25, 16.0, 16.75, 15.75, 15.5, 15.25, 15.5, 15.5, 16.25, 16.25, 16.25, 15.75, 15.5, 15.5, 15.0, 15.75, 15.5, 16.25, 15.75, 15.5, 15.0, 14.75, 15.25, 15.0, 15.75, 16.5, 16.5]
2019.12.14-16:52:31
[15.5, 15.75, 15.25, 15.75, 15.0, 16.5, 16.25, 16.0, 15.25, 16.0, 15.25, 15.5, 16.0, 15.5, 15.75, 16.0, 15.25, 15.5, 15.5, 15.25, 15.5, 15.5, 16.0, 15.5, 15.25, 15.0, 15.0, 15.0, 15.0, 15.5, 16.0, 16.25, 15.25, 15.0, 15.5, 15.0, 15.75, 15.5, 16.25, 16.25, 15.25, 15.25, 14.5, 15.25, 15.25, 15.75, 15.75, 16.0, 15.25, 15.25, 14.75, 15.0, 15.25, 15.5, 15.5, 15.75, 15.0, 15.25, 14.75, 14.5, 15.0, 14.75, 16.0, 15.0]
2019.12.14-16:52:43
[15.5, 16.25, 15.25, 15.5, 15.25, 16.0, 16.0, 16.5, 15.5, 15.75, 15.5, 14.75, 15.5, 15.5, 15.75, 16.0, 15.5, 15.75, 15.0, 15.0, 15.5, 15.75, 16.25, 16.25, 15.0, 14.75, 14.75, 15.25, 15.0, 15.0, 16.25, 16.25, 15.25, 15.5, 15.25, 15.25, 15.5, 15.25, 16.0, 17.0, 15.5, 15.0, 15.25, 15.25, 15.25, 16.0, 15.75, 15.75, 15.5, 14.75, 15.0, 14.75, 15.75, 15.25, 16.0, 15.5, 15.25, 14.75, 14.75, 14.25, 15.25, 15.25, 15.75, 15.75]
2019.12.14-16:55:26
[16.0, 15.5, 15.75, 15.75, 15.75, 15.25, 16.5, 16.0, 15.5, 16.0, 15.25, 15.25, 15.5, 15.75, 16.0, 15.75, 15.5, 15.75, 15.5, 15.25, 15.0, 15.75, 15.75, 16.0, 15.5, 15.25, 15.5, 15.25, 15.25, 15.5, 16.25, 16.0, 15.25, 15.5, 15.5, 15.0, 15.0, 15.75, 16.0, 16.0, 16.0, 15.0, 15.0, 15.25, 15.25, 15.75, 15.75, 16.0, 15.0, 15.0, 15.25, 15.25, 15.5, 15.5, 16.0, 16.0, 15.25, 15.0, 15.0, 14.75, 15.25, 14.75, 15.75, 15.25]
2019.12.14-16:56:49
[15.5, 16.0, 15.75, 16.25, 16.0, 16.0, 16.5, 16.25, 15.5, 16.0, 15.25, 16.0, 15.75, 15.75, 16.5, 16.5, 15.5, 15.75, 16.0, 15.75, 16.25, 16.0, 16.5, 16.75, 15.75, 16.0, 15.5, 16.0, 15.5, 16.25, 16.5, 16.0, 15.75, 16.25, 15.5, 15.75, 15.25, 15.75, 16.0, 16.75, 16.0, 15.25, 15.25, 15.5, 15.75, 16.0, 16.5, 16.5, 15.75, 15.5, 15.5, 15.5, 16.0, 15.75, 16.0, 15.75, 15.5, 15.5, 15.5, 15.25, 15.5, 15.5, 15.75, 16.25]
