2019.12.14-17:40:16
[15.75, 15.5, 15.0, 15.25, 15.0, 15.75, 15.75, 15.75, 15.25, 15.5, 14.75, 15.0, 15.5, 15.5, 15.75, 16.0, 15.0, 15.25, 14.75, 15.0, 15.25, 15.5, 15.5, 15.75, 15.0, 14.75, 14.75, 15.0, 15.0, 15.25, 15.5, 15.75, 15.75, 15.0, 14.75, 15.0, 15.0, 15.25, 15.5, 15.75, 15.25, 14.75, 14.75, 14.75, 14.75, 15.25, 15.5, 15.75, 14.75, 14.25, 14.75, 14.75, 15.0, 14.75, 15.75, 15.0, 15.0, 14.75, 15.25, 14.25, 14.0, 15.0, 15.0, 15.75]
2019.12.14-17:40:30
[15.5, 15.25, 14.5, 15.25, 15.25, 15.25, 15.25, 15.75, 14.75, 15.25, 14.75, 14.75, 15.0, 15.0, 15.75, 15.25, 15.0, 15.0, 15.0, 15.0, 15.25, 15.25, 15.5, 15.75, 14.75, 14.5, 14.5, 15.25, 14.75, 15.0, 15.5, 15.5, 15.0, 14.5, 14.75, 15.25, 14.75, 15.25, 15.25, 15.5, 15.0, 14.75, 14.75, 15.0, 15.25, 15.5, 15.25, 15.5, 14.75, 14.5, 14.5, 14.5, 14.75, 15.25, 15.5, 15.25, 14.75, 14.5, 14.5, 14.0, 14.75, 14.75, 15.5, 15.5]
2019.12.14-17:43:27
[15.75, 15.5, 15.0, 15.25, 15.25, 15.0, 15.75, 16.0, 14.75, 15.5, 15.25, 15.25, 15.0, 15.0, 16.0, 15.5, 14.75, 15.5, 14.75, 15.0, 14.75, 15.0, 15.25, 16.0, 15.25, 14.5, 14.5, 15.0, 15.0, 15.25, 15.5, 16.0, 15.25, 15.25, 14.5, 15.0, 14.5, 15.25, 15.5, 15.5, 14.75, 15.0, 14.5, 14.75, 14.75, 15.5, 15.25, 15.75, 14.75, 15.25, 14.0, 14.25, 14.75, 15.0, 15.5, 15.25, 14.5, 14.5, 14.75, 14.0, 15.0, 14.5, 14.75, 15.25]
2019.12.14-17:44:34
[15.25, 15.5, 14.75, 15.25, 15.0, 15.25, 15.5, 15.5, 15.25, 15.5, 14.75, 14.5, 15.25, 15.0, 15.5, 15.5, 14.5, 14.75, 14.75, 14.5, 14.75, 14.75, 15.25, 15.25, 14.25, 14.75, 14.5, 14.5, 15.0, 14.5, 15.5, 15.25, 14.25, 14.75, 14.5, 14.25, 15.0, 15.0, 15.5, 15.5, 14.75, 14.75, 14.5, 14.75, 14.5, 15.0, 15.5, 15.25, 14.5, 14.5, 14.5, 14.25, 15.0, 14.75, 15.5, 14.75, 14.5, 14.75, 14.75, 14.0, 14.25, 14.75, 15.0, 15.0]
2019.12.14-17:45:16
[15.0, 15.0, 15.0, 15.25, 14.75, 14.75, 15.5, 15.75, 15.25, 15.0, 15.0, 14.75, 15.25, 15.5, 15.75, 16.25, 15.0, 15.0, 15.0, 15.0, 15.25, 15.25, 15.75, 15.5, 15.25, 15.25, 14.5, 14.75, 15.25, 14.75, 16.0, 16.0, 15.0, 15.0, 15.0, 15.0, 15.0, 15.25, 15.25, 16.0, 14.75, 14.25, 14.75, 15.0, 15.25, 15.5, 15.5, 15.75, 14.75, 14.5, 14.75, 14.25, 15.75, 14.75, 15.75, 15.0, 14.25, 14.75, 15.0, 14.25, 14.75, 15.0, 15.5, 15.5]
2019.12.14-17:45:32
[15.5, 15.5, 15.25, 15.0, 14.75, 15.25, 15.75, 16.0, 15.25, 15.25, 14.75, 14.75, 15.5, 15.5, 15.5, 16.0, 15.25, 15.5, 15.25, 14.75, 15.0, 15.25, 15.25, 15.5, 15.25, 14.5, 14.75, 14.75, 14.75, 15.0, 15.75, 16.0, 15.25, 14.75, 15.25, 15.25, 15.25, 15.25, 15.75, 15.5, 14.75, 14.5, 14.5, 14.5, 15.25, 15.25, 15.25, 15.75, 15.25, 14.5, 14.75, 14.75, 15.0, 15.25, 15.5, 15.5, 14.75, 14.75, 15.25, 14.0, 15.0, 15.0, 15.5, 16.5]
2019.12.14-17:45:48
[15.25, 15.5, 15.0, 14.75, 14.75, 15.0, 15.25, 15.5, 15.0, 15.0, 14.25, 14.75, 14.75, 14.75, 15.5, 16.0, 14.75, 14.75, 14.5, 14.25, 14.5, 15.25, 15.25, 15.25, 14.25, 14.5, 14.25, 14.5, 14.5, 15.0, 15.25, 15.5, 14.75, 14.75, 14.25, 14.25, 14.75, 14.75, 15.25, 15.5, 14.75, 14.5, 14.25, 14.75, 14.5, 14.5, 15.25, 15.0, 14.25, 14.25, 14.0, 14.0, 14.5, 14.25, 15.5, 14.75, 14.75, 14.75, 15.25, 14.0, 14.25, 14.5, 15.0, 14.5]
2019.12.14-17:46:04
[14.75, 15.25, 15.0, 15.0, 15.25, 14.75, 15.75, 15.75, 15.0, 15.25, 14.5, 14.25, 15.0, 15.0, 15.5, 16.0, 15.25, 15.25, 15.0, 15.25, 15.0, 15.25, 15.25, 15.25, 14.5, 14.25, 13.75, 14.75, 15.0, 14.25, 15.5, 15.5, 14.75, 15.25, 14.75, 14.75, 14.75, 15.0, 15.0, 15.5, 14.75, 14.5, 14.0, 14.5, 14.75, 15.25, 14.75, 15.5, 14.75, 14.5, 14.25, 14.0, 14.5, 14.75, 15.25, 15.0, 14.75, 14.75, 14.5, 14.0, 14.0, 15.25, 14.75, 15.5]
2019.12.14-18:10:04
[19.0, 19.25, 19.0, 18.75, 19.25, 19.0, 19.5, 19.5, 19.5, 19.25, 18.75, 19.0, 19.0, 19.25, 19.75, 20.0, 19.0, 19.0, 18.5, 18.75, 18.75, 19.5, 19.75, 19.75, 19.0, 18.5, 19.0, 19.0, 19.0, 19.5, 19.5, 19.5, 19.0, 19.0, 19.0, 18.75, 18.75, 19.5, 19.75, 20.25, 19.5, 18.5, 18.5, 18.75, 18.75, 19.25, 19.5, 20.0, 19.0, 18.75, 18.25, 18.25, 19.5, 19.25, 20.0, 19.25, 19.25, 19.25, 19.25, 18.75, 18.75, 19.0, 20.25, 20.25]
2019.12.14-18:10:19
[19.25, 19.25, 18.5, 19.0, 18.75, 19.0, 20.0, 20.25, 19.0, 19.5, 18.75, 18.75, 19.75, 19.25, 20.0, 19.25, 19.0, 19.0, 19.0, 19.25, 19.0, 19.5, 20.0, 20.0, 19.25, 19.0, 18.75, 19.0, 18.75, 19.5, 19.75, 20.0, 19.0, 19.25, 19.0, 18.5, 18.75, 19.5, 19.5, 20.25, 19.5, 19.0, 18.25, 18.75, 18.75, 19.25, 19.75, 19.5, 19.0, 19.0, 19.25, 19.0, 19.0, 19.0, 20.0, 19.5, 19.5, 18.75, 19.75, 18.75, 19.0, 19.25, 20.25, 20.25]
2019.12.14-18:11:14
[19.5, 20.25, 19.25, 19.25, 18.75, 20.0, 20.0, 20.0, 19.0, 19.75, 18.5, 19.25, 19.75, 19.75, 20.0, 20.25, 19.25, 19.25, 19.5, 19.0, 19.25, 19.5, 20.25, 20.0, 19.25, 19.0, 19.0, 19.25, 19.0, 19.5, 20.0, 19.75, 18.75, 19.25, 19.25, 19.25, 19.0, 19.5, 19.75, 20.5, 19.5, 19.0, 19.0, 19.25, 18.75, 19.75, 19.75, 20.75, 19.25, 19.25, 19.0, 19.25, 19.5, 19.25, 20.25, 20.0, 19.75, 19.5, 19.5, 19.25, 19.25, 19.5, 20.25, 20.25]
2019.12.14-18:11:39
[19.5, 19.0, 19.5, 19.25, 19.25, 19.5, 20.25, 19.75, 19.25, 19.5, 19.25, 19.25, 19.5, 19.5, 20.25, 20.0, 19.75, 19.25, 19.25, 19.25, 19.25, 19.75, 20.0, 19.5, 19.25, 18.75, 19.0, 19.5, 19.0, 19.75, 20.0, 20.5, 19.5, 19.0, 19.25, 19.25, 19.0, 19.5, 19.75, 20.0, 19.5, 19.5, 19.25, 19.25, 19.5, 19.75, 19.75, 20.0, 19.5, 19.5, 19.0, 19.25, 19.75, 20.0, 20.25, 20.5, 19.75, 19.75, 20.0, 18.5, 19.5, 19.25, 20.0, 20.5]
2019.12.14-18:11:55
[19.5, 19.25, 19.5, 19.25, 19.25, 19.0, 20.25, 20.25, 19.5, 19.5, 19.0, 19.0, 19.25, 19.5, 19.75, 20.25, 19.0, 19.25, 19.0, 19.5, 19.25, 19.5, 19.75, 20.0, 19.0, 19.0, 19.25, 19.5, 19.0, 19.5, 20.0, 20.0, 19.0, 19.0, 19.0, 19.0, 18.75, 19.75, 20.0, 20.75, 19.5, 19.0, 19.25, 19.5, 19.5, 19.5, 19.75, 20.25, 19.75, 19.5, 19.0, 18.75, 20.0, 19.5, 20.25, 19.75, 19.5, 19.25, 19.5, 19.25, 19.75, 19.25, 19.75, 20.25]
2019.12.14-18:14:14
[20.0, 20.0, 19.5, 19.5, 19.0, 19.75, 20.0, 20.25, 19.25, 19.75, 19.25, 19.5, 19.5, 19.5, 20.25, 20.0, 19.5, 19.5, 19.25, 19.5, 19.25, 19.75, 19.75, 20.25, 19.5, 19.5, 19.0, 19.75, 19.5, 19.75, 20.0, 20.5, 19.75, 19.25, 19.25, 19.5, 19.5, 19.75, 19.75, 20.0, 19.25, 18.75, 19.5, 19.25, 19.25, 19.75, 20.25, 20.25, 19.5, 19.0, 19.0, 18.75, 19.5, 19.75, 21.0, 20.0, 20.0, 19.5, 20.0, 19.25, 19.75, 19.75, 20.25, 20.5]
2019.12.14-18:14:35
[19.5, 20.0, 19.25, 19.5, 19.25, 19.5, 20.25, 20.0, 19.25, 19.25, 19.25, 19.75, 20.25, 19.5, 20.25, 19.75, 19.25, 19.75, 19.25, 19.0, 19.75, 19.75, 19.5, 20.0, 19.25, 19.25, 19.25, 19.5, 19.25, 19.5, 20.5, 21.0, 19.75, 19.5, 19.0, 19.25, 19.75, 19.75, 20.25, 20.75, 19.75, 19.25, 19.0, 19.5, 19.25, 19.5, 20.25, 20.5, 19.25, 19.75, 19.25, 19.25, 20.0, 19.75, 20.25, 20.5, 20.25, 19.75, 19.75, 19.0, 19.5, 19.75, 20.25, 20.75]
2019.12.14-18:14:55
[19.25, 19.75, 19.0, 19.75, 19.0, 19.25, 20.0, 20.5, 19.5, 19.75, 19.0, 19.5, 19.5, 19.5, 20.0, 20.25, 19.5, 19.5, 19.25, 19.25, 19.5, 19.5, 20.0, 20.25, 19.0, 19.0, 19.25, 19.25, 19.75, 19.5, 20.0, 20.5, 19.5, 19.75, 19.25, 19.0, 19.25, 19.5, 20.0, 20.5, 19.75, 19.5, 19.0, 19.5, 19.5, 20.0, 20.0, 20.25, 19.75, 19.5, 18.75, 19.25, 19.75, 19.5, 20.5, 20.0, 20.0, 20.0, 20.0, 19.25, 19.5, 19.25, 20.0, 21.0]
2019.12.14-18:15:09
[19.0, 20.25, 19.25, 19.5, 19.75, 20.0, 19.75, 20.0, 19.5, 20.25, 19.25, 19.25, 20.0, 19.75, 19.75, 20.5, 19.5, 19.5, 19.5, 19.5, 19.25, 20.25, 20.25, 20.25, 19.25, 19.25, 19.0, 19.75, 20.0, 19.5, 20.0, 20.5, 19.5, 19.5, 19.0, 19.75, 19.25, 19.75, 20.5, 20.5, 20.0, 19.0, 19.0, 19.25, 19.25, 19.75, 20.25, 20.5, 19.5, 19.5, 19.5, 19.5, 19.75, 19.5, 21.0, 20.75, 20.5, 20.0, 19.75, 19.25, 19.5, 19.5, 20.5, 20.75]
2019.12.14-18:15:25
[19.75, 20.0, 19.5, 19.75, 19.75, 19.5, 20.0, 20.0, 19.5, 20.0, 19.5, 19.5, 19.75, 20.0, 20.25, 21.0, 19.75, 19.75, 19.25, 19.5, 19.5, 20.0, 20.25, 20.0, 19.0, 19.0, 19.25, 19.25, 19.25, 19.5, 20.25, 20.0, 19.0, 19.75, 19.75, 19.25, 19.25, 20.25, 20.25, 20.75, 19.75, 19.25, 19.0, 19.5, 19.25, 20.0, 20.25, 20.25, 20.25, 19.75, 19.25, 18.75, 20.25, 20.0, 20.5, 19.75, 20.0, 19.5, 20.25, 19.25, 20.0, 19.75, 20.75, 20.75]
2019.12.14-18:15:41
[19.75, 20.5, 19.25, 19.75, 19.5, 19.5, 19.75, 19.75, 19.75, 19.75, 19.25, 20.0, 20.0, 20.0, 20.5, 20.5, 19.5, 19.75, 19.5, 19.5, 19.25, 19.75, 20.0, 20.5, 19.25, 19.5, 19.25, 19.5, 19.5, 19.75, 20.0, 20.75, 19.5, 19.75, 19.75, 19.0, 19.5, 20.25, 20.5, 20.75, 19.25, 19.5, 19.25, 19.5, 19.25, 20.0, 20.25, 20.5, 19.75, 19.25, 19.5, 19.25, 20.0, 19.75, 20.75, 21.0, 20.25, 19.75, 20.0, 19.0, 20.0, 20.25, 20.5, 21.25]
2019.12.14-18:15:55
[20.0, 19.75, 19.5, 20.0, 19.5, 19.5, 20.25, 20.5, 19.5, 19.75, 19.5, 19.5, 19.5, 19.5, 20.25, 20.75, 19.75, 19.75, 19.5, 19.75, 20.0, 19.75, 20.0, 20.0, 19.0, 19.25, 19.0, 19.5, 19.5, 20.0, 20.25, 20.5, 20.0, 19.75, 19.5, 19.0, 19.75, 20.0, 20.25, 20.75, 20.0, 19.5, 19.5, 19.75, 19.25, 20.25, 20.75, 21.0, 19.75, 19.75, 19.5, 19.5, 20.25, 20.25, 20.75, 20.5, 20.25, 19.75, 19.75, 19.5, 20.0, 20.25, 20.5, 20.75]
2019.12.14-18:16:12
[20.0, 19.5, 19.75, 20.0, 19.25, 19.75, 20.0, 20.0, 19.75, 19.75, 19.25, 20.0, 19.5, 20.0, 20.5, 20.75, 19.75, 19.75, 19.75, 19.75, 19.75, 19.75, 20.25, 20.5, 19.5, 19.5, 19.5, 19.75, 19.5, 20.0, 20.25, 20.75, 19.5, 19.25, 19.75, 19.75, 19.5, 20.0, 20.25, 20.75, 20.0, 19.25, 19.5, 20.0, 19.75, 19.75, 20.5, 21.0, 19.75, 19.25, 19.5, 19.25, 20.0, 19.75, 21.0, 20.0, 19.75, 19.75, 19.75, 19.25, 19.75, 19.75, 20.5, 21.0]
2019.12.14-18:16:26
[20.0, 20.25, 19.75, 19.75, 19.75, 19.75, 20.25, 19.75, 19.5, 20.25, 19.25, 19.5, 19.75, 20.0, 20.0, 20.25, 20.25, 20.0, 19.5, 19.25, 19.75, 19.75, 20.25, 20.0, 19.5, 19.25, 19.5, 19.5, 19.75, 19.75, 20.25, 20.5, 19.25, 19.75, 19.5, 19.0, 19.0, 20.0, 20.5, 20.75, 19.75, 19.75, 19.25, 19.5, 19.75, 20.25, 19.75, 20.25, 20.25, 19.75, 19.0, 19.0, 20.25, 19.75, 21.0, 21.0, 20.25, 20.0, 20.0, 19.5, 19.75, 20.5, 20.25, 21.5]
2019.12.14-18:16:39
[19.5, 19.75, 19.25, 20.0, 19.25, 19.75, 20.0, 20.5, 19.5, 20.0, 19.0, 19.75, 20.25, 20.0, 20.5, 20.5, 19.5, 20.0, 19.5, 19.5, 19.5, 20.0, 20.25, 20.25, 19.75, 19.5, 19.0, 19.5, 19.5, 20.25, 20.75, 20.25, 19.25, 20.25, 19.5, 19.25, 19.5, 20.0, 20.5, 21.0, 20.0, 19.5, 19.5, 19.5, 19.25, 20.0, 19.75, 20.75, 19.75, 20.0, 19.25, 19.75, 19.5, 19.5, 20.25, 20.75, 19.75, 20.0, 20.0, 19.25, 20.0, 20.25, 20.75, 21.0]
2019.12.14-18:17:01
[19.25, 19.75, 19.5, 20.0, 19.25, 19.25, 20.0, 20.0, 19.25, 19.75, 20.0, 19.5, 19.25, 19.75, 19.75, 20.5, 19.0, 20.0, 19.0, 19.0, 19.25, 19.75, 19.75, 20.25, 19.0, 19.25, 19.5, 20.0, 19.25, 19.25, 20.25, 20.75, 19.75, 19.75, 19.25, 19.25, 19.0, 19.5, 20.75, 20.5, 19.25, 19.75, 19.0, 19.5, 19.5, 20.0, 20.25, 21.25, 19.25, 20.0, 19.5, 19.75, 20.0, 19.5, 20.25, 20.25, 20.25, 19.25, 20.0, 19.5, 19.5, 19.5, 20.5, 21.0]
2019.12.14-18:17:38
[19.5, 19.75, 19.25, 19.75, 19.25, 19.5, 19.75, 20.0, 19.25, 19.75, 19.25, 19.25, 19.5, 19.5, 20.0, 20.0, 19.25, 19.75, 19.0, 19.25, 19.5, 19.75, 20.25, 19.75, 19.25, 19.5, 19.0, 19.0, 19.5, 20.0, 20.25, 20.25, 19.25, 19.25, 19.5, 19.0, 19.0, 19.75, 20.5, 21.0, 20.0, 19.25, 19.25, 19.5, 19.25, 19.5, 19.75, 20.25, 19.25, 19.0, 19.25, 19.5, 19.5, 19.25, 20.5, 20.25, 20.25, 19.5, 19.25, 19.5, 19.5, 20.0, 20.5, 20.75]
2019.12.14-18:17:52
[19.5, 19.25, 19.0, 19.75, 19.25, 19.5, 20.0, 19.75, 19.0, 19.5, 19.25, 19.0, 19.5, 19.5, 20.0, 20.25, 19.5, 19.25, 19.5, 19.25, 19.5, 19.75, 19.75, 19.75, 19.25, 19.25, 19.25, 19.5, 19.25, 19.75, 19.75, 20.25, 19.25, 19.5, 19.25, 19.5, 19.75, 19.75, 19.75, 20.25, 20.0, 19.25, 18.75, 19.25, 19.5, 19.75, 20.0, 20.25, 19.5, 19.0, 19.25, 19.25, 19.75, 19.75, 20.25, 20.0, 20.0, 19.0, 19.75, 18.75, 19.5, 19.5, 20.25, 20.75]
2019.12.14-18:18:06
[19.5, 19.75, 19.25, 19.25, 19.25, 19.5, 19.5, 20.0, 19.5, 19.25, 19.0, 19.0, 19.5, 19.5, 20.0, 20.75, 19.5, 19.5, 19.25, 19.0, 19.5, 19.5, 20.0, 19.5, 19.5, 19.5, 19.25, 19.25, 19.0, 19.0, 20.25, 20.25, 19.0, 19.0, 19.5, 19.5, 19.5, 19.75, 20.0, 20.0, 19.5, 19.0, 19.0, 19.5, 19.25, 19.75, 19.5, 20.0, 20.25, 19.25, 19.5, 19.25, 19.75, 19.5, 20.0, 20.0, 20.0, 19.75, 19.5, 18.75, 19.25, 19.75, 20.25, 20.5]
2019.12.14-18:18:45
[18.5, 19.75, 19.25, 19.25, 18.75, 18.75, 19.5, 19.25, 19.0, 19.0, 19.25, 18.75, 19.0, 19.25, 19.75, 19.75, 19.0, 19.25, 19.0, 18.25, 19.0, 19.25, 19.5, 19.75, 19.0, 18.75, 19.0, 19.25, 18.75, 19.5, 19.5, 19.5, 19.25, 19.25, 19.0, 19.25, 19.25, 20.0, 20.0, 20.25, 19.25, 19.0, 18.75, 18.5, 18.75, 19.5, 19.5, 20.5, 19.0, 19.0, 19.0, 19.0, 19.25, 19.0, 19.75, 19.5, 19.25, 19.0, 19.5, 18.5, 18.75, 19.0, 19.5, 20.25]
2019.12.14-18:19:03
[19.75, 19.0, 19.25, 19.0, 19.25, 19.25, 19.75, 19.5, 19.0, 18.75, 19.0, 19.0, 19.0, 19.25, 20.0, 19.75, 19.25, 19.0, 19.0, 18.5, 19.25, 19.0, 19.5, 19.75, 19.5, 18.75, 19.0, 19.0, 19.25, 19.5, 19.75, 20.25, 18.75, 19.5, 19.0, 18.75, 18.5, 19.25, 19.25, 19.75, 19.0, 18.5, 18.5, 19.0, 18.5, 19.25, 19.5, 19.75, 19.25, 18.75, 18.75, 19.0, 19.0, 18.75, 20.0, 19.75, 18.5, 19.0, 19.75, 19.0, 19.0, 19.5, 19.75, 20.0]
2019.12.14-18:19:29
[19.5, 19.5, 18.75, 19.0, 19.0, 19.25, 19.75, 19.75, 19.75, 19.25, 18.5, 19.0, 19.25, 19.25, 19.75, 19.75, 19.25, 19.5, 19.0, 19.0, 19.25, 19.5, 19.75, 19.75, 19.0, 18.5, 18.75, 19.0, 19.0, 19.25, 19.5, 19.75, 19.75, 19.25, 18.75, 19.0, 18.75, 19.5, 19.25, 20.25, 19.0, 18.5, 18.75, 18.75, 19.25, 19.0, 19.5, 19.75, 19.25, 19.0, 19.0, 19.25, 19.75, 19.0, 20.25, 19.25, 19.25, 19.75, 19.75, 18.5, 19.5, 18.75, 20.0, 19.75]
2019.12.14-18:19:55
[19.75, 19.75, 19.0, 19.25, 19.25, 19.5, 20.25, 19.75, 19.0, 19.5, 19.25, 19.0, 19.75, 19.5, 20.0, 20.25, 19.25, 19.5, 19.25, 19.25, 19.25, 19.5, 19.75, 20.0, 19.25, 19.25, 18.75, 19.25, 19.5, 19.5, 20.0, 20.25, 19.25, 19.5, 19.0, 19.25, 19.5, 19.5, 19.75, 20.5, 19.5, 19.25, 19.25, 19.25, 19.25, 19.75, 19.5, 19.75, 19.25, 19.0, 19.0, 19.0, 19.75, 19.5, 20.25, 19.0, 20.0, 19.25, 19.25, 19.0, 19.25, 19.5, 20.75, 20.5]
2019.12.14-18:20:11
[19.0, 19.5, 19.0, 19.25, 19.0, 19.5, 19.5, 19.75, 19.0, 19.5, 19.0, 18.75, 19.25, 19.75, 19.5, 20.25, 19.0, 19.25, 19.0, 18.5, 19.75, 19.75, 19.75, 19.75, 19.0, 19.0, 19.0, 19.0, 19.25, 19.25, 20.0, 20.0, 19.5, 19.5, 19.25, 18.75, 19.25, 19.75, 20.25, 20.0, 19.75, 19.0, 19.0, 19.0, 19.0, 19.75, 19.75, 19.75, 19.25, 19.0, 19.0, 19.25, 19.75, 19.25, 20.0, 20.0, 19.25, 19.5, 19.5, 19.0, 19.75, 19.75, 20.0, 20.5]
2019.12.14-18:20:53
[19.75, 19.75, 19.25, 19.5, 19.25, 19.75, 19.5, 19.75, 19.25, 19.75, 19.0, 19.5, 19.75, 19.5, 20.0, 20.25, 19.25, 19.5, 19.25, 19.0, 19.75, 19.5, 20.0, 20.0, 19.5, 19.0, 18.75, 19.25, 19.25, 19.5, 20.25, 20.0, 19.25, 19.75, 19.25, 19.0, 19.0, 19.25, 20.0, 20.0, 20.0, 19.0, 19.25, 19.5, 19.0, 19.5, 20.0, 19.75, 19.5, 19.25, 19.25, 19.5, 19.25, 19.5, 20.0, 19.5, 20.0, 19.75, 19.5, 19.5, 19.5, 19.0, 20.25, 20.75]
2019.12.14-23:56:40
[15.75, 16.25, 16.25, 16.25, 15.75, 16.25, 16.5, 17.25, 16.25, 16.5, 16.0, 16.25, 16.25, 16.5, 16.5, 17.0, 16.25, 17.0, 16.0, 16.0, 16.0, 15.75, 15.75, 16.5, 16.5, 16.25, 16.0, 15.75, 15.75, 16.0, 16.5, 16.75, 16.25, 16.75, 16.0, 16.25, 16.0, 16.25, 16.75, 17.25, 16.25, 16.25, 15.75, 16.0, 15.75, 16.5, 16.0, 17.25, 16.75, 16.25, 15.5, 16.25, 16.75, 16.25, 17.0, 16.25, 16.75, 16.5, 16.25, 15.75, 15.75, 15.75, 16.0, 17.0]
2019.12.14-23:57:00
[16.5, 16.75, 16.75, 16.75, 16.25, 16.5, 17.25, 17.25, 16.75, 17.25, 16.5, 16.75, 17.0, 16.5, 17.0, 17.25, 17.25, 17.25, 16.75, 16.25, 17.0, 17.0, 17.25, 17.25, 16.75, 16.5, 16.5, 16.75, 16.75, 16.75, 17.25, 17.5, 17.25, 17.25, 17.0, 17.0, 16.75, 17.25, 17.5, 17.75, 17.5, 16.75, 16.75, 17.0, 17.0, 17.5, 17.75, 17.25, 17.0, 17.25, 16.5, 16.75, 17.25, 17.25, 17.75, 17.0, 17.5, 17.0, 17.25, 16.5, 16.5, 16.5, 17.25, 17.5]
2019.12.14-23:57:14
[16.25, 16.5, 16.25, 16.5, 15.75, 15.75, 16.75, 16.5, 16.25, 16.75, 15.75, 16.25, 16.5, 16.25, 16.25, 16.5, 16.25, 16.5, 16.0, 15.75, 16.0, 16.25, 16.5, 16.25, 16.5, 15.75, 16.0, 16.5, 16.0, 16.25, 17.0, 16.75, 16.75, 16.5, 16.0, 16.25, 16.25, 16.75, 17.0, 16.5, 16.5, 16.25, 15.75, 16.25, 16.25, 16.5, 16.75, 16.75, 16.75, 16.5, 16.25, 16.25, 16.25, 16.25, 17.5, 16.5, 16.25, 16.25, 17.0, 15.75, 16.0, 16.5, 16.5, 17.0]
2019.12.14-23:57:37
[15.25, 15.75, 15.75, 15.5, 15.75, 16.0, 16.0, 16.25, 15.25, 16.0, 15.75, 15.5, 16.0, 15.75, 16.25, 16.25, 16.0, 16.25, 15.5, 15.75, 15.5, 15.5, 16.0, 15.75, 16.5, 15.5, 15.0, 15.5, 15.25, 15.5, 16.0, 17.0, 15.75, 16.0, 15.5, 15.25, 15.75, 15.5, 16.25, 16.0, 16.25, 15.5, 14.5, 15.25, 15.5, 16.0, 16.0, 16.0, 16.0, 15.75, 15.75, 15.25, 16.0, 15.75, 16.25, 16.25, 16.25, 16.25, 16.25, 16.0, 15.5, 15.75, 16.25, 16.0]
2019.12.15-23:48:55
[24.75, 24.75, 25.0, 25.0, 24.5, 24.5, 25.25, 25.5, 24.5, 25.25, 25.0, 25.0, 25.0, 25.25, 25.5, 26.0, 24.75, 24.75, 24.75, 24.75, 24.5, 25.0, 25.5, 25.25, 24.75, 24.5, 24.25, 24.75, 24.75, 24.5, 25.25, 25.75, 25.25, 25.0, 24.75, 24.75, 24.75, 25.0, 25.5, 25.5, 25.25, 24.75, 24.75, 25.0, 24.75, 25.25, 25.25, 26.25, 25.25, 24.75, 24.75, 25.0, 25.25, 25.0, 25.75, 26.0, 25.5, 25.5, 25.5, 25.25, 25.0, 25.5, 26.0, 26.25]
2019.12.15-23:49:14
[24.75, 25.25, 25.0, 24.75, 24.5, 25.25, 24.75, 25.5, 25.0, 25.0, 24.5, 24.75, 25.0, 24.75, 25.5, 25.5, 24.75, 25.0, 25.0, 24.75, 25.0, 25.25, 25.75, 25.5, 24.5, 24.75, 24.5, 24.75, 24.75, 24.5, 25.0, 25.5, 24.75, 25.0, 25.0, 24.5, 25.0, 25.25, 25.5, 25.75, 25.25, 24.75, 24.5, 25.0, 24.5, 25.25, 25.75, 26.0, 24.75, 24.75, 25.0, 24.75, 25.25, 25.0, 25.5, 25.75, 25.5, 25.25, 25.25, 24.5, 25.0, 24.75, 25.25, 26.75]
2019.12.15-23:49:34
[24.5, 25.25, 24.5, 24.75, 24.5, 24.5, 25.0, 25.5, 25.25, 24.75, 24.75, 24.5, 25.0, 25.0, 25.25, 25.75, 24.75, 24.75, 24.75, 24.75, 25.25, 25.25, 25.25, 25.75, 25.0, 24.25, 24.5, 24.75, 24.5, 24.75, 25.25, 25.5, 24.75, 24.5, 24.75, 24.75, 25.25, 25.0, 25.5, 26.0, 24.75, 24.0, 24.5, 24.5, 24.5, 24.5, 25.5, 25.5, 25.0, 25.0, 24.5, 24.75, 24.75, 24.75, 25.25, 25.75, 25.75, 25.25, 25.75, 25.25, 25.0, 25.0, 25.5, 26.0]
2019.12.15-23:49:50
[24.75, 25.0, 24.75, 25.0, 25.25, 24.75, 25.25, 25.25, 25.0, 25.0, 24.25, 24.75, 25.0, 25.0, 25.5, 25.75, 24.75, 25.0, 24.75, 24.5, 24.75, 25.0, 25.5, 25.5, 24.75, 24.5, 24.75, 24.75, 25.0, 25.25, 25.5, 25.75, 24.5, 25.0, 24.5, 24.75, 24.5, 25.25, 25.5, 26.0, 25.25, 24.75, 24.75, 24.5, 25.0, 25.25, 25.0, 25.5, 24.75, 24.75, 24.5, 25.0, 25.25, 25.0, 26.0, 25.75, 25.5, 25.5, 26.0, 24.75, 25.5, 25.25, 26.25, 25.75]
2019.12.15-23:50:04
[24.75, 24.5, 24.5, 25.0, 24.5, 25.0, 25.0, 24.75, 24.75, 25.25, 24.5, 24.5, 24.75, 25.25, 25.25, 25.75, 24.75, 25.0, 24.5, 24.5, 24.75, 25.5, 25.25, 25.5, 24.75, 24.5, 25.0, 24.75, 24.5, 25.0, 25.5, 25.75, 25.25, 25.0, 24.75, 24.75, 25.0, 25.0, 25.5, 26.0, 25.25, 24.75, 24.25, 24.75, 25.0, 25.0, 25.25, 25.5, 25.0, 25.0, 25.25, 24.75, 25.0, 25.25, 25.75, 25.75, 26.0, 25.25, 26.0, 25.0, 25.25, 25.0, 26.25, 26.75]
2019.12.15-23:50:19
[25.25, 24.75, 24.75, 25.0, 24.75, 24.5, 25.25, 25.25, 24.5, 25.0, 24.75, 25.0, 25.25, 25.25, 25.75, 26.0, 24.75, 25.0, 25.0, 24.75, 25.25, 25.0, 25.5, 25.5, 25.0, 24.5, 24.5, 24.75, 25.0, 25.0, 25.25, 26.0, 24.75, 25.25, 25.0, 24.75, 25.25, 25.25, 25.5, 26.25, 25.5, 24.75, 25.0, 24.75, 24.75, 25.25, 25.5, 26.0, 25.25, 25.0, 25.0, 25.25, 25.25, 24.75, 25.75, 25.25, 25.75, 25.5, 25.75, 25.0, 25.25, 25.5, 25.75, 26.75]
2019.12.15-23:50:35
[24.25, 24.75, 24.75, 25.0, 24.75, 24.75, 25.0, 25.25, 24.75, 25.0, 24.75, 25.25, 25.25, 25.25, 25.25, 26.0, 24.75, 25.25, 25.0, 25.0, 25.25, 25.5, 25.5, 25.75, 24.25, 24.5, 24.5, 24.75, 25.0, 25.0, 25.5, 25.75, 24.5, 24.75, 24.25, 24.75, 25.0, 25.25, 25.5, 26.25, 25.0, 24.75, 24.75, 25.25, 25.0, 25.0, 25.5, 26.25, 25.25, 25.0, 25.0, 24.75, 25.5, 25.0, 25.75, 25.5, 25.25, 25.25, 25.25, 25.0, 25.0, 25.25, 26.5, 26.5]
2019.12.15-23:50:53
[24.5, 25.25, 25.0, 25.0, 24.25, 25.0, 25.25, 25.5, 24.75, 25.0, 25.0, 24.5, 25.25, 25.0, 25.5, 26.0, 24.5, 24.75, 24.75, 24.5, 25.25, 25.0, 25.5, 25.75, 24.75, 24.5, 24.75, 24.75, 24.75, 25.0, 25.75, 25.75, 25.25, 24.75, 24.75, 24.75, 24.75, 25.0, 25.0, 26.0, 25.0, 24.5, 24.5, 24.75, 25.0, 25.0, 25.5, 25.75, 24.75, 24.75, 24.75, 24.75, 25.5, 24.5, 25.5, 25.5, 25.75, 25.25, 25.25, 24.75, 25.25, 25.5, 26.0, 26.5]
2019.12.15-23:51:13
[24.5, 25.0, 24.25, 25.0, 24.5, 24.25, 25.25, 25.25, 24.75, 25.0, 25.0, 24.75, 25.25, 25.5, 25.25, 25.75, 24.75, 25.0, 24.75, 24.5, 25.5, 25.0, 25.5, 25.25, 24.5, 24.75, 25.0, 24.75, 25.0, 25.0, 25.0, 25.75, 24.75, 25.25, 24.75, 24.5, 24.5, 25.5, 25.25, 25.75, 25.25, 25.0, 24.75, 24.75, 24.75, 25.25, 25.5, 25.75, 25.25, 25.0, 25.0, 24.75, 25.25, 25.0, 25.5, 25.75, 25.75, 25.25, 25.5, 25.25, 25.0, 25.0, 25.5, 26.5]
2019.12.15-23:51:27
[24.75, 24.75, 25.0, 25.0, 25.0, 24.5, 25.0, 25.25, 25.0, 24.75, 24.75, 24.75, 24.75, 24.5, 25.25, 25.75, 24.75, 25.0, 24.75, 24.75, 25.0, 25.0, 24.75, 25.25, 24.5, 24.5, 24.5, 24.75, 24.5, 24.75, 25.5, 25.5, 24.5, 24.5, 24.25, 24.75, 24.75, 25.25, 25.25, 25.25, 25.0, 24.5, 24.5, 24.5, 24.75, 25.0, 25.5, 26.0, 25.5, 25.0, 25.0, 24.75, 25.0, 25.0, 25.5, 25.0, 25.5, 25.5, 24.75, 25.0, 25.25, 25.5, 25.75, 26.25]
2019.12.15-23:56:24
[25.0, 25.0, 24.75, 25.25, 25.0, 25.0, 25.75, 25.25, 24.75, 25.25, 25.0, 25.0, 25.75, 25.75, 26.25, 26.25, 25.0, 25.75, 25.25, 25.0, 25.25, 25.25, 25.75, 26.25, 25.0, 25.0, 24.75, 25.25, 25.25, 25.25, 25.5, 26.25, 25.5, 25.5, 25.5, 25.5, 25.0, 25.5, 25.75, 26.5, 25.0, 25.25, 25.25, 25.25, 25.25, 25.75, 25.5, 26.5, 25.5, 25.5, 25.5, 25.25, 26.0, 26.25, 26.5, 26.5, 26.0, 26.5, 26.25, 25.5, 25.75, 26.0, 26.75, 27.5]
2019.12.15-23:56:38
[25.5, 25.25, 25.0, 25.0, 24.5, 25.0, 25.5, 25.25, 25.0, 25.25, 25.25, 25.25, 25.5, 25.25, 25.75, 25.75, 25.0, 25.0, 25.25, 25.25, 25.5, 25.5, 25.5, 25.75, 24.75, 24.75, 25.0, 25.0, 25.25, 25.25, 25.5, 26.25, 25.5, 24.75, 25.0, 25.0, 25.0, 25.5, 26.0, 26.25, 25.25, 25.0, 25.0, 25.25, 25.0, 25.5, 26.0, 26.25, 25.75, 24.75, 25.25, 25.25, 25.5, 25.75, 26.0, 26.0, 25.75, 25.5, 25.75, 25.25, 25.75, 25.75, 26.5, 28.25]
2019.12.15-23:57:06
[24.5, 25.25, 25.0, 25.25, 24.75, 25.25, 25.5, 25.25, 25.0, 25.5, 25.25, 25.25, 25.5, 25.5, 25.5, 25.75, 25.25, 25.75, 25.5, 25.0, 25.25, 25.5, 25.75, 25.75, 24.75, 25.0, 24.75, 25.0, 25.0, 25.25, 25.75, 26.0, 24.75, 25.0, 25.25, 24.75, 24.5, 25.25, 25.75, 25.75, 25.75, 25.0, 25.0, 25.25, 25.0, 25.25, 25.0, 26.0, 25.0, 25.0, 25.25, 25.25, 25.25, 25.75, 25.75, 25.75, 25.5, 25.75, 25.5, 25.25, 25.0, 25.5, 26.0, 26.75]
2019.12.15-23:57:21
[25.25, 24.75, 25.25, 25.25, 25.0, 25.25, 25.5, 25.75, 25.75, 25.25, 25.0, 25.25, 25.5, 25.25, 25.5, 26.0, 25.0, 25.25, 25.0, 25.25, 25.25, 25.25, 26.0, 25.75, 25.25, 24.75, 24.5, 24.75, 25.0, 25.25, 25.5, 25.5, 25.0, 25.0, 24.75, 25.5, 25.0, 25.5, 25.5, 25.75, 25.25, 24.75, 25.0, 25.0, 24.75, 25.0, 25.75, 26.0, 25.5, 24.75, 24.75, 24.75, 25.5, 25.25, 25.75, 26.5, 26.0, 25.25, 25.25, 25.25, 25.25, 25.5, 25.5, 26.5]
2019.12.15-23:57:51
[24.75, 25.25, 24.75, 25.25, 25.0, 25.0, 25.5, 25.75, 25.0, 25.25, 24.75, 25.25, 25.0, 25.0, 25.25, 25.75, 25.0, 25.75, 24.75, 25.0, 25.0, 25.5, 25.25, 26.25, 25.25, 25.0, 24.5, 25.25, 25.0, 25.5, 25.5, 26.0, 25.0, 25.25, 25.5, 25.25, 24.5, 25.0, 25.5, 26.25, 24.75, 25.25, 25.0, 25.0, 25.0, 25.5, 25.5, 26.25, 25.25, 25.0, 25.0, 25.0, 25.5, 25.0, 25.75, 26.0, 26.0, 25.25, 25.5, 25.0, 25.0, 25.75, 26.25, 26.25]
