Script started on Tue Jun 18 09:36:18 2019
]0;pi@raspberrypi: ~/Adafruit_AMG88xx_python/examples[01;32mpi@raspberrypi[00m:[01;34m~/Adafruit_AMG88xx_python/examples $[00m python3[K t[Kpixels_test.py 
[23.5, 23.5, 24.0, 23.75, 23.75, 23.75, 24.5, 24.25, 24.0, 23.5, 23.5, 23.5, 23.5, 23.75, 24.25, 24.0, 23.5, 23.5, 23.0, 23.25, 23.5, 23.75, 23.75, 24.0, 23.25, 23.0, 22.75, 23.25, 23.25, 23.5, 24.5, 24.25, 23.5, 23.25, 23.5, 23.25, 23.5, 23.75, 23.75, 24.5, 23.75, 21.5, 23.0, 20.5, 23.0, 21.0, 23.75, 22.25, 23.5, 23.5, 23.0, 23.0, 23.75, 23.25, 23.75, 23.75, 23.5, 24.0, 23.5, 23.25, 23.25, 23.5, 23.25, 24.0]
[23.5, 23.75, 23.5, 23.25, 23.25, 23.75, 24.25, 24.5, 24.0, 24.0, 23.75, 23.5, 23.75, 23.75, 24.75, 24.5, 23.75, 23.75, 23.25, 23.25, 23.25, 24.0, 24.0, 24.5, 23.25, 23.25, 23.25, 23.0, 23.0, 23.5, 24.0, 24.0, 23.25, 23.75, 23.75, 23.0, 23.25, 23.5, 24.0, 24.5, 23.5, 23.5, 23.25, 23.0, 23.25, 23.5, 23.5, 24.0, 23.5, 23.75, 23.25, 23.75, 23.5, 23.25, 24.0, 23.75, 23.5, 24.0, 24.25, 23.0, 23.0, 22.75, 23.5, 24.5]
[24.25, 24.25, 23.5, 24.0, 23.75, 24.0, 24.25, 24.5, 23.5, 23.75, 23.0, 23.5, 23.75, 23.75, 24.25, 24.5, 23.5, 23.5, 23.25, 23.5, 24.0, 24.0, 24.0, 24.25, 23.5, 23.25, 22.75, 23.25, 23.25, 23.25, 24.0, 24.5, 23.75, 23.25, 23.0, 23.25, 23.25, 23.25, 23.5, 24.75, 24.0, 23.25, 23.25, 23.25, 22.75, 23.5, 23.75, 24.0, 23.25, 23.5, 23.25, 23.25, 23.5, 23.5, 23.75, 23.5, 23.5, 23.75, 23.75, 23.5, 23.0, 23.5, 23.75, 24.25]
[23.75, 23.5, 23.5, 23.75, 23.5, 23.75, 24.25, 24.5, 23.5, 24.25, 23.5, 23.5, 23.75, 23.75, 24.5, 24.75, 23.0, 23.5, 23.25, 23.25, 23.5, 24.0, 24.25, 24.5, 24.0, 23.25, 23.5, 23.75, 23.5, 23.5, 24.25, 24.25, 23.5, 23.75, 23.5, 23.25, 23.0, 23.25, 24.0, 24.75, 23.5, 23.25, 23.0, 23.25, 23.25, 23.5, 23.5, 24.25, 23.5, 24.0, 23.25, 23.5, 23.25, 23.5, 24.0, 23.75, 23.25, 23.5, 23.5, 23.5, 23.0, 23.25, 24.0, 23.75]
^CTraceback (most recent call last):
  File "pixels_test.py", line 50, in <module>
    sleep(1)
KeyboardInterrupt
]0;pi@raspberrypi: ~/Adafruit_AMG88xx_python/examples[01;32mpi@raspberrypi[00m:[01;34m~/Adafruit_AMG88xx_python/examples $[00m exit
exit

Script done on Tue Jun 18 09:36:36 2019
